873418590031
748039665439
711637850963
862021537117
670538693693
750143925089
742714210183
850597678957
667192470269
564807135763
676106519341
873452180159
779433156853
833917535867
630827789293
685218600979
599276106013
658309986169
564681874367
723898140901
700534266263
784705096201
764620169443
844773824947
632898587087
773846168771
612051081161
588482372753
721219786639
556138894861
699625851301
662448123857
632905973869
599211818803
561016071421
885023979593
562834211147
671241677051
700600794883
640773382171
737760878041
645229227533
628124703217
665480422937
591696434131
570756532027
852036407963
557677900169
835202161807
763034748307
681852032059
586063902919
582749455607
861668498249
581844988751
780112789963
807426527401
738878917513
579447570449
732412310927
807553580041
663852466199
856614062239
732421938127
740736902581
562064138537
792032406269
673326084409
729216496283
641315468131
559304365451
826921659889
628322531629
617716093621
569577708029
741729157301
718468293103
601097887429
721256397389
591663370001
624225399187
841790347801
656468669701
602891191513
748636296199
568164804163
618247524193
740368150973
846708535153
751513154293
579088966357
623033616623
601687797337
750472179391
652373260097
668144727419
604578639067
621057774469
673285536547
725592324721
