21112876117
20102820371
19896293863
27277614137
20295096683
21407164747
20379821387
21816036157
23131242817
22549269961
30848671181
19756120477
18899477197
18528405733
20237305679
27353820629
26011822709
25608574517
17850501797
21432739253
21798760129
26521236509
24720603373
21803704141
20054665831
18083268769
32344788901
23060871527
28016717389
22567839781
19065206509
19264874791
26149141961
21527224619
29882974133
27698498063
19120291273
18747543629
18723528991
27801815449
26712495263
20981261039
26190746683
21384135053
18005278957
22908047299
18104235089
18108126461
19662059041
22507990657
21999128993
29616410953
19693791781
24341964943
20659998683
22593728693
27955245067
23025733267
19363203679
17913024977
21362468327
25154937221
17285156969
28971455351
17270336971
21143585077
25819873637
29666886751
23010262397
25562074211
27440929849
22887545687
20603250581
23599581767
32408924789
19699508701
28333231469
29934181019
29357848409
22395562141
17791698137
18881373751
27099611963
20200606889
18901487711
24947486423
19559595677
24262783663
18342328681
18340214177
17403704119
30731934809
21282626873
17206091093
32369569663
19183774097
21170641879
19931861813
31833250343
20141754637
