2173
647902105483423393
648528639788251967
612995157711333403
1045588610094294127
756699309054178871
587985039756929219
1069832542250633143
853161186815082053
675802184819893591
736599696566970563
645125555279147413
867953944378627009
770545659397645337
799861451235730673
739863133043029573
660172686307240721
581677816612678837
771257767308164489
654838103439258853
663074372657020711
582921601497127799
613544471496756421
683551745660750411
839587608157008449
732069860835516317
711870200325848849
630824589687293699
799685263918443013
607301695556770601
656831881989814207
672940083391863359
1003547422790385289
844584974032610183
608424076906804331
1053758878341715181
1079389737387257987
759073286132379839
629903627701736573
889558871476716187
585425753910179107
658276538266516769
920615525728914199
926123032245369029
622946692789896347
659326365843313733
822205227277931201
746230938712545239
732700231114779283
1055385971230209077
902395867468941023
1050712022868044353
929124458109102539
624989134293901907
592906598372781559
593862330279642653
883703890377334259
803825726105463791
950758576771314791
592689629229288377
595433372115952891
732388952641861663
700426073768423579
797572555122446183
802537748506626877
658425835724805989
796342652828557039
794493503520596863
716775118043198771
867327716073030871
763321861394480683
609954988360791653
702795335157969701
716428803782702761
586276915330127257
650636926117953701
858375527815404743
597413066428736683
845524141004839271
760567839199468801
836364799372997183
1040301040777563269
656929053022432241
685229046392452343
583944823007911051
716877173349022691
701839067793257549
798536121775588153
696853741621800827
947148003613880977
921980678385068227
666490455300563293
1011234238138360417
620491701476434301
701591969246981243
851555106166867253
763762968582293681
790199777900987591
843393160865842337
760157489954186911
664026187790537617
