632672136074293673167
931840898755788680873
622186787966896544591
981442959746283571913
859332993532659539609
590922617516416061413
887431130606568823637
789658744932905743043
899424772042908179833
598483506651329665193
876317235378171313733
633924318840279704239
1152346893192596694139
704536787459465232683
625392488388065309407
770376937986998552887
893354996806200953009
616652680354081753709
624038525274446183147
631032234473401059329
690457347493113209467
671467009508933435167
640657831606599790889
696239049890877883883
928082015659373809379
680421916639433797331
597908989026574500841
704491901716109622061
683746856630910439019
649683036338972483371
889715108905057235503
634142213171809340389
647740085259373394023
793760864394741073717
826668843958169595521
642249208766832433619
656038381361972000243
857130141148070019847
801335461046973890813
739562550686925932513
1107292899542453364431
758930902745090643131
756202710719591038067
648435777659936766407
768967190855212069213
628961266985962435079
645727012639413853387
852091164397210579561
594227663666987734781
712783850848839916369
731823137488944449071
724872485374223230571
590595391605228959771
604927345797909220001
671449536859102861831
688885539361675304923
704314712883227978837
655372835538433391801
701475866324736789679
603521018129643813559
611078567022850671289
834631574650525355999
781489992864122823667
1023712248453968823271
805546226094119044373
604923998748353229269
975240271704799033883
970688608265541978913
800449741724634322249
639274113914624362679
900819180250450089983
676825881340141457983
958529538712923017567
592977640216630022951
760286067679936783247
596224751835686469371
613244093427403540343
924770398302320787121
725875949510095142699
744556562906168964989
598195542989300968499
901468577144644353577
743149846221934108663
628351335590125013743
847253700847221775663
712905198885766515037
630655265314899506323
708158429496121572209
598700102068042045867
632539525015649127311
932596417761254179991
652520579786415807421
766940164066759958083
639089513498762392483
805051084128264582781
792021413742774290531
741741537038093571121
830031079777414835729
701584216144856384687
607648023538401393593
