17070299
23944493
23052049
17019383
22556693
18470017
23100559
19034933
30108061
20484353
32307983
19120459
18452417
17045323
19436119
26428889
16848913
26252381
17711587
19280231
16924777
21680377
20068903
20476601
29496407
19452319
17244749
19360183
17659699
17588491
31541663
20380361
22930241
18453613
24898859
19295431
24751981
21629269
29230057
18701047
23703991
17755667
17370971
31787617
22573861
18584831
25146983
20360911
17649211
25605721
22851061
22050817
26204579
18620869
21856463
19240367
31549103
19222331
21310351
20423747
19191077
18367159
17374289
19980971
20703187
28997593
19749263
27701321
31538687
27349813
18565991
17056843
19840217
22957019
27931217
25031849
16858073
24029641
20216743
25596979
21786511
25541303
22191989
24417391
28099811
19782379
26372107
17815103
19618297
24974539
21956219
27534833
24329579
18997931
20334967
22634867
22603457
29078909
24031159
20434763
