548190167
650796517
625944487
790625983
936251533
806498161
562884133
588868889
698554801
803097421
561529129
642211073
656701315
681895571
818534339
896914613
660742645
873043087
694030673
579342845
748899641
641825335
651483515
625168045
876421861
537520277
720575149
562084255
682802099
776556571
872744159
918606031
604199281
602741905
558693611
543138701
930737633
816211403
756006923
629090335
729995231
688324469
539749985
848094037
570713129
653371835
924937489
552837929
870611329
642087755
835264087
668052115
901351969
850774183
744468893
562610845
614648365
699108473
871852037
708000517
687850793
910770287
566641663
867372247
565764305
626139647
617303815
620939945
680702351
628399709
639938345
864088169
921402643
626967061
640461871
616899157
935057879
588021365
703868543
751039037
683099767
647312603
622144313
835586507
542677331
609570085
583904209
619947035
809924311
641647535
738537737
663646855
905167333
766996517
808588907
878776549
672699139
614632765
566321005
625503205
