689205755383834962658910171047
956020140927205369819297092077
1050961461098874608281121375321
951868424809737863877227060599
1011882294248447431894185392197
824793061319535736081692290723
668891130035579516793902416799
639908424444609719724257043581
688300977316549340788850470169
973788640650323629674527078581
706937362132789414849779020813
807950557688014750925975233571
650376750127832048562358453207
1130050489987350413212999874393
1092809911769416144210241041961
1008105586366063689058903408057
1075045866039612706938161338919
952860157377250354407963026609
809878733528300404717026915227
791882983325846447646864302353
731738978765594020039003590071
649055062202042193058209060799
952396315618065926973871895261
662254960232706648427627365619
777711854666561076053182185167
736662653927295458896204816523
901249186169355097996624607713
663623563595970799498306399381
695317334106145183298897792777
723556219069834551859224808597
950547126400755177644360372597
960519348032569520416354100987
905454309171339386576686794107
745077617389355955586826944067
919815526732824505907955673357
916513220059562820243232493737
705080830229448453822312205409
1221608748832210741677626407591
900681454254164330987840088811
844804248805363823300258136667
780941346214242794277928437821
974595181723326348667591785469
799221718777948620382255843567
828897959380139750059412025217
874751449942448857886359919929
765783439228332960647905493209
881648468381768701199701876417
721132990869364405185397492331
994112143857329749660436821151
668352226165518800866516055293
683925263162443289997215716919
1016906834868627251537353199371
655817479145960603337519583441
787629808087303060953041819561
1007733395187783400077891236423
719282407270297517180641708801
824747332595493022003449048091
705869930206509549390573132439
673151213006917491033171288457
798840751958053072606368927041
841739936295540809290850857889
945253933982409357787118608391
866957173840864448638080029207
884046438147665839165728962603
742913932281212753302286192591
764853917892608441164272367577
808352805512238703143502676899
894074675841991015764221010479
898886317589676009546574647029
644221589171077315402304540941
978434747963573436216368372777
1140029064425719394598237242947
652151748545212756670431377059
858237488557016208848679687473
721981208694442765509184122161
963209824326035987456916955811
950772716416949441139918969017
689291223914749089996988492211
850054990077055986957077924539
641045690238272229537690865561
897114621397467890849794822799
911841228961801494496546815881
762514346433011423256972577187
654330239086055386752994407169
690333743102033154040410649033
707699768596272004926867382393
828921704549865926954458843309
878523127640896392841650692101
1028932271709094311798892532051
658464983915225010415328229571
1034568083804824961200703297329
787633088912915075153902994113
979689561820472400337913144489
1178785713686208518833675917911
793855115859917482992090560603
687808455554774330356003666027
1187853259478381783131467789109
971793524785405168290883474267
744817152003934760092727815571
646090769353969804651046166611
