744097182572111
747697394314109
1007026351917563
708478458998837
1007625190360193
669627018787273
785628291163307
665033563003321
589327145775917
1009497103470337
932872194798317
911066673540329
1011590134177999
962323461498491
853422255227809
734106886943939
914032829829803
764298501678167
671490408408623
617661321677039
637257109595563
1001767862567683
767390058572659
1032192277633357
792305044519033
671550171518647
990251409303469
669081170245393
650312215737661
811814965050157
608244289726657
958063868530141
647416656632303
713213069478947
715446801097499
657119500880107
588648681222391
582266884564067
657606533647379
1015036157427469
853128107476937
898159091927651
855438538906871
734037372745727
804163129151771
638783316365357
644191661788027
652183382141327
727638106396771
926716546089487
571988603131243
762099663050399
962633899429913
589704152661101
817214381897831
586341679886707
629448750953471
879037182914827
666229585152049
683416524307987
932320771465987
757961093213089
927978330735217
567667935930847
577163129955109
592859437009597
652310207257099
827623043784857
565652758746533
994572175385923
685902761046623
639076152585041
938734567152847
745852183566313
915444838983497
825322376912333
618214084135321
869551410398711
1077164525309923
712604497308331
645990059572681
655548838603489
751443733316827
570023912754749
942436723514903
704614397821241
646675990705961
990294000243593
797870745913727
782380551235417
764084200987417
753708775460363
801612268258493
766249698196187
575529181984129
744837094427201
934203262348931
746961824712419
1073735444923073
1017352851404587
