801366581647719887350050559
936743391118528323988018481
647049266245530495202335637
860083715295274778706352897
664008076287650305141841749
840861490891875298120100473
943446057303427132349138483
684927365881476257313268987
864583033453318216765155947
698123847003472678328786861
1077594091933277940513691363
805549308988614242714001983
816663572624360553422635919
806860451495213144914034039
770737799028545888925723133
857292832359381782337233693
765566296778255712198172433
944184002485900954212912709
654129384104493296721348551
694130331420298818487399759
636900446305419939539354417
875748307212764732738386583
904210716317167931950755667
697306856556519502032060367
681320320983782763429061271
686197596304832918700413171
700382810666974116810538159
959402755632671413833464557
667377031633077776901203359
939022766650518676173236957
861844171256011716124343437
672709436977081569524869367
729393886718597869796711881
987261835718533150191394967
857000719026698170854296987
981987148288924315226558491
757872733961925426109497161
627637037673823250826881399
848141385650102657841660167
988245807989450083346569321
892116788464665823676486459
853294238428365352203531659
875054916756051464887665161
624794486709750016105652681
641759701270922026835245153
903060144624185890506516083
1051246739168864983523046953
639234686031965269590690547
643643972234527406109717527
771446013314729399077021307
1052856271675170591953098111
766650649223623609489410073
658306599391729899665278933
803836118641167704566289411
654601088855393705063285333
644493451142629292164350319
1093386460193686395967293533
730460604499982582970160141
830229130374606795917783651
906932625967473582121981151
941679996635887805341842653
788499508178722807790273359
896407676106165234473694989
904470640084041750534271441
767693031781699538418469567
749835981449361431477105327
786643168287704634834658483
1070974577223334759658537627
814503385758662044708554959
1018918604461668154195421111
738926066335515007423881727
717380997136654132825838327
654235980487450183433063231
853971887443819847759005463
665129232190133118892993027
732116337039442275326076751
653028401750620842687531391
1049213252225530450560451867
781209914492670425884314631
888313032716418560084316449
912117434077879732882507483
810554600860209792465692377
728492012038093250883438089
915916167052455475092272741
703328570582601917227175879
620133796983027021799607137
647498986017114316956956339
733909056423902587152123263
659434736024860450671928693
783416341263622754594856967
1102977336301065106753985611
683947647189424651792575197
946613693725624903852018181
759791184252190346788746499
963200216505826485846066361
678024587625238489861884587
1016279783529399421466356099
881059197032259660917738183
701843499070787374495691947
634550925102647954603353919
