815526015816630230094911
920405891891972229575327
1016902843322589480069361
665961064773242591685043
779247588647712667657039
740103014780368568351279
714816916005698352284783
949976499145591000589069
890731645107727998903563
815434469831490802157941
838559975899001394557579
938938848162743352522863
712737426630017435875373
654248465082824012430551
634491324537779151636341
822090469957794749717783
772633998416689451359483
612866076725233205067671
834337392001938970755683
1009805879798257839259783
1097931275926416810683407
781453373001971915664337
721913788544774832144269
702218899752503128886113
696501288256030277785469
699896589197075242916483
903675764084458288743359
1020578918649920872241887
1004230039154999321096017
735183505941827029351703
749867188589230573259449
617036604087392125624657
659795474006716992789613
614266694497622378771557
713672178441844536819643
969063798797060226434357
610000572959744535170857
632097607122717021359807
944091156745816825752173
691295894209974551465147
642063380541269294142607
851084634712833600428717
925199731304445910314143
689426283614129388616061
806796602148135249946837
888972135896713036480339
733428433569440373521161
677189749515993850303337
825227969395851305541463
845154063490929005002061
896477270174055411235727
976765609255348785617051
1145490063830531438887171
638653140417042267352051
951080592841305571406977
847894175953858616784821
709698179252211823692493
812707673666956219045169
1087718678735248216219109
607621507231966457480473
853470049121290529593603
743017787049405718204427
982512597626062988557559
747253583695914976489331
672935831235844957741031
702915483209061109367543
733770572554812760615499
898876597518524559862621
864403038881713482235481
885468162369960145547227
740004409977180875040677
721039588443374287462541
772058750439602392279091
806665895689473626610593
1060921130150535848131241
762244590417754598678389
848848189260227298621629
784514819909213994638971
708110172476925456612761
876101597131509143023721
916037436973860192942593
828064377283440820396421
619753802759572169955677
679886594803182212964811
769189639611177992074501
715306947471000469286381
884119036598919221314853
716870475586460061386081
730321577469032204066767
785002847679543934242601
822093622527482861553169
666261887315500533173827
980469417184505459576579
791952409110046114743517
794446984005279951813053
620258678955860411254069
848560146738085030161959
622867701741101394150751
670344209545503161093983
739852538464106761193611
