1211491228874621076462671809
704681391269509844113830481
1038959891421220946605911289
780695610152372214571232329
949589968232491266119882881
856452823268928945393310201
1145952476381415936201318529
668284795857349241502164809
1038864560174976121183294681
1095743866045452848273419969
833762378976548617705312009
1038047875543109075997855409
802138062880794697436898289
873431238965267221918569361
1040235534731015508998968969
950575293991150212820138729
887587514880879259998208849
1034036042797890465448679281
1217437944661334458911867001
864229458571973705946356449
1093634721735131084590352569
729935073043382439581718049
1216738706122021795448878321
979552738634804398291639129
750638663065515221142149449
866785446386703741577550641
684956363052054909843239521
962476938926632287634909801
1104911316321084637754090641
682488140510840737390947529
713174644291403248698724369
890943138849415711527479449
1159817074532750374138147201
809846774457352717586461249
795211246153101511549018921
670905547558783269952640521
966654329428453351355966209
1226375117657794359087104281
848090578103529731325432289
1103635349494836717669223369
1079570669381071789071682921
822842013601143989244317761
921617900274016078478269681
863949369820210696797028489
837861590801748911765149561
706412593149756570221271241
1175754003226367076190147561
979486591647621623130431161
642894849552328457770906081
785776571604162052879005721
892334678638863971852271121
945191787040379729210732761
1119444335681250499463281729
1153260076856160856230814321
629745335889261099473991169
1087745627311855652748689449
1000934497002841037293693969
912933932295423993731035009
1200116885942176782310029601
681259386258173499036541009
960532761207219894791588401
712875653618406093929593489
755519436030570150260811361
1002671033620624730712438001
706606486878340517793288409
1159737574383303913436472289
780198337001955138974595529
632188609166889096948991369
1103737147400263679561863609
867096645941785607173019041
865650352604592834613828729
1222928565128176498058267329
1030215063622253858608568401
667875922262537351979534361
1067830174215647576615363689
1109064562027415490868925761
1234354626071910268657018681
855748424367341215921458889
748474642171862053000984369
721500715548178372011310681
985506141099920976803731489
937629052379279565531182401
811613263842367474902012769
864018453757577185633479169
1025414415299730254018239009
1156937847175527790680809329
663358883108896442411486449
1152891125402768907297870289
663027951670868331177706561
898666977100897173631795369
774677007969000087216769729
905145817214498723516793529
908655192519198249855316129
1030171686966122041116773761
1130891512911115658906432329
1059978594031844283526294009
645467271619675270865077801
766934645751658962642461401
948861481554208334277063721
871479944013366326458572481
