844425481
854451361
1052548249
742726009
1031630161
1070140369
774341929
681784321
1056705049
938258161
663526081
814588681
613206169
648771841
663732169
1002165649
819734161
825355441
807184921
842218441
579413041
824321521
647855209
542563849
675948001
940096921
669101689
1006348729
630863689
829036849
888218809
875035561
933852481
826620001
796311961
820421449
656435641
672520489
752459761
743707441
614097961
721513321
654489889
990297961
819047161
1048270129
860424889
957097969
818360449
866536969
832841881
596287561
753886849
701137441
916333441
849897409
584624041
558046129
559937569
673039249
930067009
978250729
684397921
1014995881
836424241
612513001
707400409
1025728729
769341169
892754641
682202161
731323849
597264721
652342681
878114689
1028035969
951784201
929823049
914518081
784056001
660644209
741963121
783048289
568011889
826735009
689010001
644702881
723233449
1069747849
729918289
920940409
1072497001
642977449
772339681
658281649
744362089
1048529161
928238089
562590961
677508841
