31599684169
20898460969
25735538929
32688278401
25204420081
18700836001
26487237001
25669487089
21296440489
24240310249
23866233169
23629530961
34192817569
30958050601
23013800209
19204693561
26483982121
31480340329
23755132129
20231364169
28564042081
17729721409
30947494561
32289574249
22012766689
22387042129
22175081569
20645953969
25804245769
18046966921
31887602041
33328518721
21266097241
28989489169
33848272441
25037682289
22314683161
28194103921
26273492281
29949417481
22794658441
22146499489
21576965881
30078311761
18570330529
18224730001
22363108849
17588860129
22415180089
27550356289
31676524441
24300756769
17712149569
26442337321
24230969569
32941887001
23805712681
34253495929
19678758961
22180442761
24913781281
25759929001
20180191249
26788850929
26956057489
23929305481
17761159441
18043742929
23218750129
31170255601
23430731041
30652656241
30215825929
27624766849
24745492249
33605855761
20735712001
27754560409
29257760401
21229364209
29888531689
25535720401
25482056161
31369014769
20943588961
25777265809
32115865681
20363004601
30403850689
26678975569
28982679049
18689897521
28251894889
18341555761
34036191121
25355148289
25546587889
20587371289
23643060169
22031168041
