694667240089
966766797049
771303741121
777089851729
796847231569
652361520721
923065542169
1094616045121
747026590249
1098406706401
1031360082481
691689959041
726393130369
716455594969
894569797489
845026078009
962382582121
850473128521
625021479889
1077990057169
886100286241
992233139881
921367694641
987397955041
1034376463849
751805182489
602841992041
758496420889
580352952481
971764179961
952558432081
964290612289
1063882913809
614942977489
594581330281
852765443209
1021148649361
1072568851201
580608948529
744197803561
1031701338529
1082446725649
924826499041
843195918049
621431079481
640046400841
1074056558689
917401911721
913356755809
1040520363481
828921023401
1000374034969
688984662601
996141728761
734293034281
828957441841
800332419769
657294483169
674518906681
1001998998001
699342495289
1030852365481
894350381401
596572409161
616741638241
768692316001
659397593089
968490206161
609131859961
787182396289
649663404289
979068691441
757423830601
1093411109569
756407660089
556690577689
874017442321
991117811401
878443186009
607921174249
947821020721
813688790209
567802939729
595772490769
602360702161
911144702521
638194874641
854483930689
562489500049
635108581969
612949633921
1076732049649
694707247081
677281266841
910644592729
883210882849
651938360329
576352754041
707386969969
812040683689
