718612852755908881
762150002778696841
1146304233933696289
1025566780866749521
944376653444650969
814501031753357881
1078017735361716241
716702120633907769
762227685368397361
1145756804380890601
945122031566429161
908192964892778569
692136927282324241
1108362250790895409
862257545944341121
823336244950015729
656355153742155169
925823084128546081
1043500595419275361
672569214364667929
799496337904739281
859541446302805561
1008736171280636569
1032301531526073649
736751697954662569
996103245588177841
889465210978724689
807764251102329481
994206457679158441
651608521298643841
960317346618393241
782509798376113921
1008273841678303201
1086590010812216089
1015231508159302729
652005460854039601
845386726563434449
1010520704696134921
1100551060369539529
1108275595411449481
774154610322676969
577026571912267801
652936513549406641
871781925448931641
1094827493955962209
840176592435229729
1122503907325156801
967435024130397001
1040648954051076841
911446608120842641
1136964718461117529
878285451535984801
894277928932012249
876451785378061369
731629245581704369
930402710174674801
1136663542617466081
1039072186047303409
672865090916632849
605969252400792361
936600003958578961
923542947448393561
814087910144849209
1018418940121167601
888031967860779361
584074942835665681
774899552697331681
917500210665709969
635657071094540401
674836072334860489
975801346227536929
702026349718996129
1075788140235497329
1082773519259993521
851818164227161849
830836291595915089
1127889736555670089
1068509390766423841
923447064061863961
589635337456928569
1063815538694806921
890303750660273569
1146035566417677049
679208010424474441
957042505814253049
875027861176119121
646214046152113609
709726641037279009
776779495303200601
861883053868211761
653708000741807881
673708718223307321
759387200126632009
687316061367463441
663342174207487681
598430566606209481
962239636468535881
1142797575058649449
1082364865893140281
813351014081221009
