734785708238761
957553353920881
952616557773169
824180326348681
868587172070809
914621689600369
613003673905921
868310630686321
843911970326569
1118350174878049
1038314059940161
773531874378481
727021757882281
574722517103641
902467749292201
777166659088681
891468096796369
792453296399209
735581023830409
1082028591005209
968624135916529
848601003393049
1020089947689409
673101669305209
614995807193881
776099309556481
656569543173769
1125615181935721
1057069743986881
618632351927041
1096225018085521
638820418360609
1103395862064409
966878564598241
660656495091121
578388021990601
928808092180609
894289467236929
1007597162214241
966600971302849
1120319154226561
931304561702089
633920656083961
1048264883932561
1112560494574489
652583861409841
952307567589361
821957030662849
662083177374529
677676946708441
862961302697209
946092519752689
926585502977689
631290297991081
963876282971449
990829669637809
944536896755761
680598405534961
673966303861321
825617642674969
954527038767241
965317123619809
620830826091529
716150639302081
772498264585609
732209558915641
699591867140401
1029695513699161
1088269964389969
878217399981289
599265455050201
610257526898881
1030986660858361
1031141560400449
667133056708561
1041339282104521
888512512037329
1106617907261689
875598459603169
951872498609761
845544681219001
906019090222801
897013341932761
821536785226369
986042709334489
809867610497929
732736228948201
565576246731409
1018825050683521
592127836340329
923294350006081
860046710861809
803433752838649
943519406331121
781080027900481
1118225775053689
726075975965209
735357667315441
663085520699809
837502358174689
