673409914562748693500602604041
889690707521159781861369087169
647695877029228626527157946201
1201591545339343777320538484761
1221511919222206228181620126009
1105590490020577176585527961841
1181222891322784063621304909761
848108981368117774588779109441
1135304342606265738796146560521
982805539675507052472343316329
904154284341616486318009418761
1067410808661950737187848788049
662175732544897191040666571329
816079476335911318818385619161
1047257658630606038467905265969
1066764144306001943885825992441
679464257507213995974495059401
1182675358610088154006746752161
711361639131289050777988103641
1054534200129162695653825139281
657766643482596911926910880361
1114261319966289815938161846481
1225816763498247845008890394801
894616497719808992819793967489
941089832721302367446810630641
1151520894013283459410094961361
715822496236348069050322528801
1056962332651976937156618087001
874191282792896088543925960321
1046113755085655191593287556481
1155740249115837115667222583361
1242653601659529539991157277929
858167738515743168524906435641
1113629667356562989431858949761
757997675155702770643044579601
737780378834785823305930915009
1225712068381671456746700392161
824760371742451735682133410449
1046748045885350027841344413441
1266348830427592919713396570441
746619952900565821416532082761
1267260243738206401684779670609
1145163065362760929667652735409
784183327342976532638743341841
1064678175008550225517177776721
1124539390269023359918902387529
891655704494932460292372787009
1098680948139826744428868413241
804333566259217164357204694609
1163008185310415192535188125441
779456170044789129536518018369
1139965613427899715520298657041
787615861180001866011092007121
960951203331919445631389149729
1042330415083901532127926902761
894123906956214930459197110129
1226498206174974163875807191929
1238280851208893902638120572761
795141496875035639460856266721
965257419832334881714083782689
1209986061022750444192873498009
741224957188459039997102038729
1088754667718680687434904659529
1248970611516054164045122197769
1014366239923128983890415845081
949605790433060080579762013449
955527362508433367451875695609
786969233154529761106591608841
1052745512400411782762750253889
649302567872096521688440254289
1229177689189608697775679413161
853508240482740100279658106409
1248301733273594263404257444209
791940159610037675442111255001
1021899539361056560284531253609
958543632397076264977157324929
1068581191637777605134379105441
1035946085660457479166444019441
794984050409875436557703479441
1086432986338503825085155320161
779796578504640299707493401489
728755229206165853271291165169
1132387798969251249189802914529
817824550494167652810171554761
1229719910432229775138243772161
1248452275384022419017593467801
635482608221824152847216126969
1181979586405980631135513291969
852283224993842137558436654641
722308078237913620987473503281
809899682126986487474472400129
747565968156166915396706665609
652312512537844497147055108801
686068449310139223612033246121
734401608794777155371675544009
732735623536755858595173749089
711793257356285579029194104089
1088671010624698911050992854721
1208952080984091329840460436921
815042632822022498972044446769
