22401289
21132409
21631801
26739241
26204161
28121809
21893041
18088009
31618129
19123129
32296489
27133681
29300569
22648081
32913169
22287841
24039409
33051001
19864849
17297281
33396841
27426169
25593481
24671089
31259281
21613201
25110121
21077281
30261001
17901361
24433249
31956409
19562929
17048641
21557449
31013761
26081449
22118209
24334489
21687649
25775929
23726641
18826921
30063289
22306729
23338561
21501769
27678121
29343889
23902321
29235649
28955161
18344089
29149201
22005481
26491609
21836929
20187049
18722929
22934521
19775809
24314761
18156121
30880249
25391521
27363361
29604481
25512601
25210441
18809569
20421361
23203489
22877089
26553409
23164969
18464209
21003889
24870169
21743569
17280649
32501401
22572001
22363441
32364721
27384289
27888961
32982049
20802721
30327049
24930049
29019769
29560969
19333609
24730729
20097289
23629321
22915369
16801801
26822041
29997529
