1200393913017682039184641
1106232144720273637734529
732667464009300411716881
1178312922131273940027241
1172027010566434267618129
836859354821131208429041
1113136153509009374993329
1167769012671131823992209
956956336804795840490041
676167910386992219483401
726711878926938923613169
984703270935844360261321
934763165304362894716441
785844959424496436794729
1197477919796561935931569
976970694401677236623041
722348422896574978247041
723427759530960678877489
1074511739102805201133321
819506522208478450287841
683617798181531809967809
1046883024024497405134321
728542116128215802527321
856922093381651820085369
1056171101633802773675809
675953553308080544397289
660615843486769480667809
1129874934870294321157849
685593370357321592411281
773903775761834929174441
788760996481583336141401
820755551238750680501881
1174766080142754588884641
882997624849980273897481
836423917946809808721361
833110007964801716805769
809999655532236622859641
1136367424327261404363121
1123268687398772622684601
1154040970465525869661489
1140027931082926557312601
756792121980592805147041
1161030331687419791718121
831370367201222805995809
698150998223337269028961
1108119564054514003723201
1199144847549455939578681
921262869626804729411209
700466447621434031789689
895734859314698937590809
817828866478608522931849
727009965710134618217689
726384391646099131462609
679357995163642613626921
1050149136316055487276889
1092312065609773442529481
1099026511836417658967929
690572775823787518601809
635246070131409722024209
1188222002543801062559089
734834642232548610015481
699711500448437793652249
1207592426456587318317361
1033441767107637836903761
665790800818294916422849
658467327164559647469289
687155277505961583089521
1116959310045768196212241
682670180172414710413201
1020768740761529496724849
860698393723292018734849
1054207420464200431591369
1191174176002845459854521
866835762664240063185481
1150598859118782056344321
711810589085806230517249
1038233790014540125009249
771254031604464555083689
1029661081585291714140409
935338747195057699303489
827711542435182942901081
984306152121407434570729
1058566943270747376573409
1166855904520455256486369
897431865182500780754521
738288634790131318331881
647988916124557193799649
971848116887293261555801
694962892604977052821249
618673898502654253390609
656706354510261441447961
647115646087840736813161
703247648013567009867361
1013859481005140596725721
742590915778019689302601
620852499539225309491249
1108547869541890008758641
1023579258133830183732769
741183205845503034743809
778318340463952199200249
