1110140918701231098361
599730108010739050921
959593293905120111689
970673122239372286849
702857354330742647521
612369063481878485689
809856333872299366129
830620402151488441249
1180040067246148435441
622393178540773482649
624470640686006546041
958818284212793863681
646116947088827574721
1078928302625558138209
673510129485944132209
1043041930140650021761
635716948132584652489
796911331353198516361
1036303217504013836521
1164321254449576145521
670852888132889611249
726843969084970459969
1066808070655793929369
853553849017488800281
625947278713032436801
955763160820562564089
612304266366668846881
663047683378273016209
633380659034050631089
1112130717957871397041
764870392549435703521
594291001402575633601
684479711571915322561
735851228727527877409
1108331737239643457641
658257930497375799529
769982579687223841849
794819060794398873601
851855913370591534441
871153706387510964889
868273386602228615089
670909528740920496889
1175290802705356208089
690202086746706317809
678337716486671440369
904034098859676277249
901218040618846078969
697220334694893074641
896973169426069853569
743079803074390081609
1102392619905902318569
890362244898672436801
1179761227658170819489
928794148021440844441
1151242479910091849569
741758047238942689201
1106916920870698834009
688860600684085236289
665216194790239580569
1127088392214111653881
1062606067526782386169
697653409613986437049
786586549959635828881
858982786000930588321
1020542461390729017841
882350177698611531529
822603736248764628601
659026600400408640409
1126573765803287424841
845006483856176724289
1062803040846570296641
633696526322075693569
626431456740092043121
707914087043013093721
842579721128905306849
1040379426894240594841
905605485449707908121
986986205804328272449
1016990938211818120321
1141349554676111820601
1076146313251480031929
691984732305411977041
835746640278430741249
832544526460010640721
810075908176506615361
663160900425957320689
658960426239783393049
709419260598868485241
702696116549332225849
1089627364955076313921
1154792992842827977081
1035567358669579521241
790252849668277365841
1149519479626934075521
687331789885456676689
603449437254136195321
612248957780686990009
1136304326685987147649
870310910718781622689
629452087770836295001
