670713295077590997682484384719
961365489859616597128029813589
1253793333826226708370347633161
695525526469256441990856878593
1181703125003720599008309684839
1136820005396214397689346673509
752582726593038896557525577023
1242681210336073819924387688567
1266745529661005755277020519433
766245079158085961909007887099
821253613430078013685289475313
1018446652234982690654147764021
1210259571278126327153778569297
929867265936515665741592688163
1240351466428956890904645621119
989904632122451776094209985303
966503280901409695471398206909
934973340533517052495213738591
801456207947525499932513046409
1228991109194491152878224777621
762858385991506389645241109531
719173154657848219203271540531
1173449021942361689309285712401
946669838932392130587688999327
750950363099145401932425655579
647024692164324861405410698373
1104744605988386241877866906839
837828123506810029949913190669
847399274094422325660059408933
1227951645526541195411411459413
921747134188257944067644761487
1200898783075435870617570041953
1039656825217090452880923954229
1057817282924328498160755432157
770940198302027723497637344957
941096953313975867814694338473
1154931880525368844591878407461
874899986787010719464673177001
1228312709637779221651952515229
895323266879461392634771153831
672923140507455617227092155999
1206499782001370268164447980403
721978372541257276710958986101
848343516572071958544231939769
1030822265731742303260383782117
761625087910062266158670176823
833460814449855588270874298813
880829773388670603919711447229
784899332527085199707103112121
974179982647804128079914478477
954733188667447532392632781073
680293004616462453666699675659
856589740498600514907631272839
745743011386392713159153429089
1164285337864361534251529764697
1152348761920271011639528894801
684654382700089482352788748111
851266091904820829509189769791
951578181711228881208804457993
717051214719770323487026277263
891131422031827434852098914439
645493214990594817666381730111
660051675596066725362460473917
815975460304551077927616905471
793596392364734072009713479689
937007286240833804100642732869
1267044358307536590434927229317
811566018570016041023045514859
704900017899692012996118160043
726880996045872265335997085371
1095315916175013129946035719237
1089229930359000927820931450939
1153945509833980706574398265463
712099497562524874199038532369
670285011047572419555181997887
1235081052720060207526874933303
834489253749966747733471614439
916702279438972840305042096461
708264681651481263176543363167
1115157814766589569185793825621
1237637885811871010145370816121
955622421031236903576121462361
918164232714331648891107881939
1117602072215193053652363136451
847978143761780330259785311453
786711631034968812979399467001
664022992192459241053707353269
1015012861874679881327733424123
1042566618685584329679599330477
848478705694269172143054643751
990341370665550099584952835903
736769493264122374690040623207
1165373226769341104311525280537
767831664083118725486183507107
980036324990464414343951236777
699721330957833084870647153459
1037677761055789070264766461917
904020690460565457751122922027
1190108701971300567715559481001
1064597375340426854897728045663
