651587401931
776768541169
566778063713
1045205129533
869419693013
1049577192721
677007655861
860385516611
946306269473
561040978873
1052295970669
894419773283
760312007681
877880397133
875127924889
647813710261
747294153803
1002587203993
603149021029
879695326141
988433140151
920845070273
871888528139
675938424121
560895713251
566583867683
896747813903
1025605388243
1094295315667
798445435603
617138631163
692315133649
785367700339
623434493141
645957271241
607770955333
1086812000909
652181631643
597975390317
843621580721
558926170267
843715254119
772434837689
871059561107
980854086917
935631955361
998599943879
746258764369
921783791927
1001544187663
905896061267
986674120709
663952319453
648419110601
866717566129
553597872083
596598153443
1063616194603
863493992927
902695288109
909114036869
912668340013
660150856609
715152106373
758030933899
1093280888701
794327932837
626777338393
840430082251
1070129731441
927316486073
686519457961
601019779201
1007656067141
949078810993
555467055709
1015485046813
756612488981
567820564837
612988213087
1072280443139
565929289589
685018875637
583788778757
711382100789
839663817263
1089029499331
728669969803
1005154232347
586158286459
775776502499
805390860007
927530346167
920737620337
875595678773
888541430941
626930926619
1098012154037
785993504069
854844099859
