20852213
21252859
33018569
23481707
22255621
31452067
25238249
24015403
21462053
25624717
24825523
28369111
26247443
24468589
32392039
28446577
23715851
31644533
21582331
26828897
25186963
29244001
30152303
29002313
24139147
28884439
31543931
30527713
27589841
25073593
23639443
21956933
26395111
30698177
21694459
32698381
31372457
27944927
30247193
20957201
22669499
24369349
31275851
29745217
29459669
25706077
21771107
22068257
27038299
31160191
20630873
24751109
24722039
27998857
23849407
29528501
26142943
24176819
20657387
21921073
24885583
29087077
21379247
29352601
21426577
21658787
27080059
25420121
26666831
28819771
23058829
29620631
31977103
24488461
26057351
23220557
20880611
33242299
32471129
22539343
33288571
29178937
30425347
29397821
27272717
33123263
24564413
22331509
25757867
22181657
30826277
28669159
28555421
30641707
24257707
27312889
26893109
26557429
32265713
25667129
