1192162009631058520432507
732229087184612973871723
1000037743034127434183977
718605861371585201263793
911432648459216547231899
1088228785163069733118501
897545201487277771629853
697087240487722190041501
1035407086485411795413383
904341413463150343908587
1053423915986989508768803
1186965570217203414108503
982490290591206057121361
884259255840274344152831
642026181441929649815069
1022105085209316229774909
818874008252680568093431
700744695133006999883693
910525697787762636414511
986872022309289642188701
830038743943991351765999
1195998269719179623518963
853180388996413838715673
1019417125688845192558631
822332984787888763094357
703373901111160698471763
687126559654930811427601
1043982327626946610461919
1056338392712809279685371
614561909134739203094147
830450394571092552814127
909625298636743579024889
620134641997774294067867
1076983487096039730546373
966881673989795020385381
907797625383664911405817
969104980145289298181141
873011063659401915801139
917789902605923629619171
689881115733560004427531
605424899416349166935009
1107413805073168981166371
1091388874528528520200343
1022771562086374394490913
1167838629559140661021799
702510656914334014531979
862762422683906206744397
790059839228263406977219
822977093710427818179011
893484338272681215643741
686382111109787773682741
1003397920344065843374027
619148194095285215088401
654063606563848368132943
907347388065909588329533
668270933665431166017019
1013452113498118625229361
1110884861946788501294807
888837523142838674727463
740893564721573877197861
884758790827522897544627
695116285805493947155001
1012417346231678894727217
767886098835620970778589
927071181534971261857151
899290144490405559512809
908613791879226904597799
913016042822789959619039
697867540572208500405011
1059555765424349203152281
1190813626901279088958559
1099240606205976857314319
793969821772940212121147
770610631182535383110033
830834149842359076396401
1101511288193451836583557
899561417737205161296587
769452802663314380087747
729962740049915199886693
614471933771594419068467
976521821068372250927407
735634981686595531117009
805196127411089861102729
955696289886131291047499
629471449251554779435519
849289869114612302240813
702396458323239846151451
1000706143347612481456931
1078521385228484677782217
977337501320292416589907
917828827644399177978899
843916009831817166239747
926788803218566343224573
790354757255103637676591
958258080765295646387867
725571460421399614934579
1049812579135560396924253
780176502045726053760133
674888956852970578793497
698775671118995897909983
