564736877
907979819
759544069
704695501
745123579
952622677
954123433
696181099
691954979
800805793
991561787
769375933
952312967
1061016893
608287411
593459089
755027993
794159969
717850843
588660199
1002769217
649320913
558047159
964513237
852406801
715993973
755355677
764715577
613521847
646062673
610738511
830681227
795968689
803859349
682243141
1046844781
868628723
916687043
700669589
733299109
1049756047
1059265331
808416953
977857301
782763133
730866751
739771391
594588011
731719111
659503307
890716691
869336339
831731311
973166471
812785027
577350833
897877139
883277509
591669059
737488019
1009798499
673302173
961411721
815638927
1026094793
1014766919
849334463
972914791
663162949
790992637
569280161
631985869
931361929
819461677
550685783
816486757
956995231
553225667
711615661
718771741
965505353
996128267
674953969
922167863
1066567123
920346443
685751503
841280017
792803777
560037539
1037159581
1009479613
1017252437
967548011
851772011
1011315827
553604131
797034527
560648293
752116531
