639566396274259
652927700098099
829257878043083
616481723157731
960635163617161
1067653729111241
946981221001471
881091352244113
1113892893663931
1063470406831211
706153133694739
589449106148953
567313367283317
638206334708827
598907415814849
612755713044509
687170020491959
770444108506741
785501909798033
656774752324289
920421486999697
718884576461393
934217023450807
735280112578301
730279334084161
641696999939657
727626023256247
906359794821011
881908244555399
611959440679571
664285260341063
582998650371701
971777998808291
945495526893821
643412140638131
620319744136361
834209376685589
1110154960550263
922489119769411
694987310840023
948077920879267
1098157464102581
787184923111127
611449255546079
801794835742603
977012801078591
808233740313023
860751219537283
595842484945849
604632640841137
648434138845651
901315679745079
655424205620827
621337081747307
589827766950619
852480340966547
945597923530751
992072599268887
879997213799609
804132719326147
884859020722231
626609283603161
989146781262047
785258095676849
894619465063459
640990236620641
836328051820673
916582345356721
753396710559553
856833942351587
911245308481679
661320215843333
992642591102861
806365641422843
839501019654767
1107580297587857
990530215020691
1011458922306043
971677498432843
596980088511887
1119961375215751
932069236983581
1115597273970043
692409648975659
653481692485463
1020321772343087
573638807862539
1116779298431063
1108559554478603
688670064760607
666860382142319
762725753066531
1049084244094339
793058647904993
805354415790653
666141335982107
658786315468433
761529722363983
815163654541441
818215646079737
