17389576241
30801577309
25853038459
33488667071
23586415711
20067807523
33558942839
22023053509
29947633601
32999607881
31993796537
19783768111
23604841279
33406330961
30251585717
18695889731
18117044801
26775707731
26327921959
21073967699
25131005597
19973540497
26446174751
17571264563
19945868177
17752280657
30791047909
33458652499
29261140439
21497053519
17450314201
33908242493
30060216079
24721552543
20102360431
19212890903
30099774907
21590104973
18863274481
21747015259
18839660981
26236456459
19655423201
33248269723
33062855489
28471059329
23749503971
19126538351
32571506633
27537317921
21957501899
22504747453
26185584457
23719943747
29657333467
22186095697
20503833293
32789463719
27748539991
25005630953
23698671149
20236967683
19445916859
19645895449
18983787853
27589135157
19588171217
30736652159
17517227291
28401913339
30270385841
19732035863
19563288571
18130777943
22389108977
30650087473
30439757741
18413611963
28024400387
31487345143
17590643437
25611481369
30228658769
27532020877
17757875951
23163573973
22508355097
26610710641
34162835933
25030295417
18578176033
34193167849
25615013023
26039253199
21135555043
28405273271
29301522043
18325259159
28587650759
32850334823
