740984183594769020021
855040441715888127509
732017588563961009857
641310120327674677331
718422133893077467781
637365107195334345917
987083442263567992261
604041521681428256213
702259884958783886143
922553944865697981253
847723745412019389271
599176027489473298297
827595808917897264929
1022979541846892981089
894506101073801597627
936952363939107772037
742522873360678750591
1137831441640917377999
609584002355059554839
899472818702650794443
757594047437940168259
804768953189759153837
1148134822640990067487
1066530588519367614239
593830182126520859017
771617972561216249347
759298956363132269983
936360131641203416801
846674169266344364489
739907898197752064951
844505041417776200747
1108288840141626871823
1144313080941037855291
769980105572106915847
637656398309010230191
885200027156564549081
663328934972169145021
1145528703204795232969
926744233773770511173
829259853398599082041
731255762855180991041
828569037976783635559
913761711121994164957
1127731911374890987637
1059165796353858219011
817061589869595112171
703554150205566563611
988704804665670621407
872144286078759623717
927818565544951632697
813641341505931908911
890982456376410115001
800338661834515896067
710241782738380114301
1079545032758308019341
711458601996327183109
846115414095114396187
675752582462987744881
742789846817757589723
1016355349029789305617
595771004582999435023
909115168024780873847
1099438565649850937699
865473732239059182013
761719681791100139719
879048760810340470111
614184871140891892763
1006934381171075824151
935597335304767505239
1145390055337114897367
859094297092621259533
813394135382767092733
642378741701462754223
916702108746359102683
988889375083503665791
1023690363890403284851
1036323474915663795821
720777189001251552971
730709213949318715957
610470264655987531931
737296510980288930493
842499556113530607401
793703222085973679063
1016891181627609628727
966656288163622968907
1085168569196062853189
1036938399802910535521
738224077131325706123
933109743302926174369
818259100168891935467
826990281964613024207
1065160673770366537519
601489531294926615697
788858222013280145203
623818017362231090159
1170076233075973439963
617856243206724984479
1041042304921981227979
1163692582724629027997
712371246228467881603
