622892204120366661040210039
788388260108906346230107093
841732363373120863941813511
743436421124755038131119979
848121731529109391778737893
1137710088106628662967737667
765710095296058118491892897
1153277749581193658229543943
638695020223666536573398257
1145891022841563259769955301
893124949817542187604804571
1050948864812806865833427041
734320683101454449083626887
1143054853035873475990295123
1093223712657275918749177991
898566416409229613082341371
756082440820491667271668793
992433802768941891568601429
695405128919607070526948863
1165352678773926973957782689
671103989623552062413290199
769046743801345824250254121
880925288698896950344092767
933151773557831271179840297
932661900496462574150403469
970799959080028046429125879
1228564141711373569432600609
629860840196841073647293197
961905384113276589279207589
843661152728484442870596061
704572020887705675060936743
628546730791986217040867309
966058202147729572452976381
1062200967678807767638414259
632780902642660022142766181
1132641343086866840115857543
857291841859568519247536491
940931132322504836981201509
851286634263060188140929743
891096714956915236066876259
1084737675312507804599464577
621841893137228847061130239
740069739079758246214263001
1095293555964404246786765633
850822391294685832416538367
862873403158811831779923389
1050503920940064467269149467
1055940963540039035447438113
685617959602545696716387129
748085522620578961350074563
934276081441915218870578713
939759884481856976091837719
694079482836392321378596409
918980623428403623262325767
761564541379310316014354371
940142734531770866630543267
829034108684866170978361697
755790900417587749632565157
690434903761371849259178203
1185602492535978444318438769
1059385480974506843767683881
730287275005445747803917241
1086987387998920773394348513
1030170359246604292863968837
685180289845751644584607153
1102220463687600700758673327
785884446926722917783274081
668599746840524372889722963
950706016823613359576648629
639125684738284651206280799
903429043852454786343399607
680128817667217758322056113
753161736510789864686764177
1190142641837861896209667199
785605938788417935084001719
1172936488195378213110374107
669048539337053212093322297
816870987519284586372909331
1006491624993749671380581231
1170262105417966297317866759
1123780644861582730293724367
1153860353029326445378320743
730035157603085492780147707
1106014044414544440471595531
650955293270956626638699141
820276267550196954476286521
959689904523438314846459491
860174833393662822098116673
837549077516097729382440649
946221974353531523458481459
950807824102395350584320913
854346870914332929751463743
628655725876918980152317193
993082437830769462258556853
1134585854696857398006648793
1106613870195864107258924711
941304521813973807651713437
1066822083048548026185885589
1056035064928993879646172247
672717561502675185482860403
