1149718025224764011
867572958757402531
917092363742746661
776539923809618713
920879749096966247
1136759883583827323
1024597086067659623
788164931725997489
641101093988779063
921070753123581997
643741473084681973
1089871563183256421
960346455505311697
1095401788108843777
630823191598603771
702555968407005523
708542454755266097
793137472510343881
591409941709473541
749097561761062487
740753416941266459
1103204349559313101
959208566259162353
647502980560019237
1024102255424612701
859492335889792001
643126301377471739
590664545006142041
644764170894335771
938134330454807623
622981405052493917
1106151922458480713
704100540665656691
1026161021626330619
652581012511067009
821638745462221823
1071746245921648777
929274067200342151
611082671932655651
577810469248500091
857116114532148973
687251080675771751
623022924066700919
834852285916084229
627297384827163487
827272596359337577
680607345113042791
1094497961401409267
942481966152874447
920625611925176359
639310177979945729
1127210807675309909
916344383372977187
1045128631907398141
784976841251687143
1028466508372668763
624353552546453159
744200959206640937
898147143869616307
716156329487667083
743261051931499397
1125099184984414429
940438755580155287
735130100894729413
663136944985084039
690218183589622453
1016144226286611811
1067328111572315651
691262026601607859
1091332962283124537
767689596230695729
594390842881244503
994954993124197093
582092574323397031
1149500688470073001
839069430444555461
657280731518701261
843555786461186597
836188770401704757
979566911966662573
730655684945354557
582283576189991341
1109798088562334279
992087026030116941
732271905796113227
772743670609387111
918235739566916297
919689552381021497
903815088724238759
931195152788076289
999163820870921729
987011600761861469
628101058748075651
999564051521875843
1056341284718967437
1136833694943194207
666445964797771699
1059127470334475221
931337864028427433
1004160606681241511
