742917481
609145157
627159293
841548377
997218091
697489693
924920603
725583143
605616433
711026243
571131059
935357837
664983017
540201313
801334693
737494727
637424633
775984969
871597357
662185883
685220491
722280341
841755869
564884563
734809679
788604409
538211413
725217407
694260821
627633583
598399363
550008197
935824699
878282959
783290743
573618901
909459743
609632497
612163471
656242429
555612229
556613347
598617083
663737717
584373739
942914737
787052327
566626553
549259453
602818999
548098183
589091137
655942439
554327269
796576817
607572821
573288203
773867399
574564343
541559797
743838493
578164901
731309819
609649987
555259567
556629251
727459067
606602261
753923519
539806429
578031613
616185923
670418597
783329543
700719631
546277981
884922107
756948721
656264863
548139937
595967821
555480157
889405367
623805349
542991989
586195499
790829497
956527483
623996629
539225837
894068309
538053431
602050447
903836107
793762391
878709137
802102283
732887923
614290111
827301023
