1084833014957
734263088549
571659983197
692249621183
739626872609
1003918123883
797424510059
758141447929
614738426041
925292820289
555533920699
681487732823
578124303193
632960449859
941769233767
905412549487
728253657779
658626430159
677484973483
911052095537
617040488677
739943339483
1070499894463
901261098763
863663003153
1005462734923
675924178109
591357808061
553679934491
822296636101
635459911403
999951548989
550964528819
568438206461
732899085937
605152036127
889432999919
777337624871
935727952541
838327843909
811739996833
911541384007
588517916123
577011330919
793381807303
790052068891
732020715563
556114026161
977863226479
557455475153
726278858707
564236183657
628220387173
786481588567
577128049103
670582696657
580204380311
552958524337
696311968567
602703493949
777186816391
861457977911
556745091317
585137574859
720907641997
827724521809
864105000839
579323504107
735985000637
657831007079
587726537347
762642439499
869300197583
555559243139
670886553941
593049340201
757889795521
734730740839
1030140865799
698202950293
558165348269
640784016311
551554029473
683024531837
686860513189
909540691303
696465207377
708161918171
700243536121
651702828577
822355991101
905150486711
822400668763
680197978963
577774123169
647544941027
951197823089
660378741233
992632539373
665768609339
