30693067
16858229
21651599
22375513
27724793
22237379
22009817
21983993
16930313
22214239
27552389
27802891
21982771
24328613
17981627
21172831
19375381
26101109
22346117
24826513
21423439
23260483
20358889
24861773
19893053
23509649
19464241
20782511
18437791
17726431
19547767
22290713
23961779
18161749
29985817
17238131
18142627
28351601
18452183
24710017
28648993
23455723
19705883
22165711
26011061
17087419
19357853
21059287
23602421
21856027
19172563
20107673
19980067
19371263
19362841
21012479
30107947
26135861
24434713
20074777
22782701
24260969
26070757
17388157
22802893
26695927
18981317
24782297
32304299
23171333
30565487
24703339
22342861
17269667
20996137
19208081
20427391
20305841
27980413
16901639
21763619
20257453
17114287
19870577
29230471
19867109
19414823
30417901
20383003
24916729
30437471
17809067
17429803
18665917
17712889
18361463
26422969
25060223
25009657
21214891
