714485657405629921543
676436636081819089937
609577430422022477573
696382985418794485013
897357872058592367393
753423322675859231969
948484303709709380051
701491217026946072681
1040571913360076938829
683011366880058830503
780005265885280782227
820814334356032688899
683325447437231323069
847682796875264880833
772164456872301154289
984761982598794113669
676134189972514910389
685950385739045701259
611964989593032434509
826452202084258196113
965707309676799100007
854372529373627098997
937603063193502343129
602078140076940317429
659488975975930284341
721187503288811154389
860955141506475481723
914569278868590573479
597026150129528217349
645626102985119549387
927526838407785674341
687391621506976211141
851910036695710939147
909756075090642979343
874727430436653761059
1039342871769218930533
811286018100467548157
819801726148393392851
846411660794242009541
1044698525660798710649
772764220303117927817
660347796785206217683
592586446310642426023
625459672290031979893
683593378320557493017
760818940321299233291
682526055955343652011
637278456589353289111
651011783341225123513
855532022543333972807
751383144612533133247
694484616159561290359
753381181448953352327
1023607639661816560921
607309182628119738467
690150501721705518511
672615078386171781307
612184943908429019081
592390521688644702217
899163387519936723923
909137957288790872869
683570347055680656443
786375417863928529823
841240577179872911141
725381256839144830513
790783919653131077731
958776596162157351091
1160190898680405091411
950664351716646343471
625601530261898791633
878336187875468216417
630583233923590867649
692042586314223358843
857148162668417367739
622594961909049785743
768770494236634247959
707371461814217243947
1043846260295419997761
1017721283168033937937
639506400919284344437
626508824575260504337
689541473472502928933
949561166799772930723
608347118950213184279
683806504205987330713
595204401044642805971
768204498827828090311
667128714674646682771
905946342108605325107
885330187824535845401
603675524053937944121
1096891677199731286883
706474295038839903859
676766509551577998461
909047754129951828671
943589429283311548051
756725832911855520667
739880999386735072733
717919336436284080739
901282645570236422483
