742463987508814102419202103
775848828463163892787858327
937167883448742834316672807
852984566099313890765685977
898781771289186179633624273
838398298424097264248489033
867274374865885565700868007
1081769428890860801809837421
1084366993721777758845919949
1032761594633089112465504419
699232584010756619720442223
1126851231567747210471355979
1038327744282749351878487867
713391153520509851058964517
833736319007555462971095487
1044998587560327541263780059
704968725174370480653066179
698385392512827446197952843
715475241247054746080341567
819952382130831416224019767
766883076309967045881100769
1088081082904837471870118329
639536474584554727872837809
769351061690943282214179713
807263934752909339349169231
905757620183984596753602343
1087716977197358414109124057
1024440563589841881683905087
860196659957193266128323361
649108957032873923807152363
664719497905846611746990587
1129141772241662201538849001
769477057279203302670909517
726144901701131604954851297
1207324325511424198594065373
1080449471155462840244957821
745325371031768795164401821
880558530427030096450165327
741695307469075333077388117
1029526034154538809309040129
693430285619330114746547887
775598862902616986646970181
640660761104792914728032321
798412544050073206956676967
806256800425843674065047297
902286312923297098719091231
633159407449941891315192463
662185214805398762150360431
1035338805852500928879783283
668046271799028135589123363
1066690839487409322115496531
1065619219211717911315881389
791090816691387984458815109
724631947038524916031351351
633039546945794100729292043
696086132699826890717325841
791113051156412111192740349
678004911664489992390801187
834344103599730648784708571
987658101639123302883734573
745412657560152979227374717
962934634239876330543617999
773780135214403121247451187
678117510341863969425323659
918023624100187941262690657
702603822352343512072081289
850521091779292238162637253
781955042533801969125473497
804068251237192450394544293
957051919224887782510263223
659910819393761843547009563
706659607644585901001876933
1172851576914061976583886319
772643081271958620969994297
687564924625791087734688919
643611653687831901675896413
748649616116287726886684027
806087055835788694467974899
698655412348665851764159481
1023007621281671920260058723
676980146955621389754598289
885281896677460486792200919
645709669004837521158805441
738719702518674164816771003
1064986183163081517382982449
915430058799805449149072581
1003583159613856856488236613
621231811052859725300246173
640679368108251981978641479
697045201309433340696538543
1040366118896591513959633931
664083196317598788520274773
804994550758110267211927397
712938429700404533421556337
1143776990486424790241095733
777212156159142105135240317
647068200533261573180933209
933686308896080084155035521
805184310430078475593632071
849716924347923397553614837
