918365382677633075061533586793
840030293230210531870786547407
807200347988755848217849815841
752413066293543475186596644923
637642113139977311675363685107
937051009630425532797822519637
805782372785016963822605991239
742303805685418682672470272947
867375865462923574834569920393
673572908850111436523973757613
1069203141348238313769296633881
727318798964933529295418285729
862745857500759311329117580689
646923661624883326864489443859
964518945282217084228483743511
693056265446096558883323694319
837998070266901359725293209213
651825267589093360069062490363
722151642743100981441946314079
728759769507903380934477393067
1052916534656603914001590860277
739567384720390959335208204197
902667600236013778560078515267
805759642061758721990681289803
676326060210388936206644761979
695946573248050230830824765279
662334068144769021094751695423
638814774987619323148564293557
717805295986670729132172227507
852576430858858423339790965861
652394312099741406003958005161
994214243561399096490024001841
1038303951640204231181827617541
794000411808159892948479556891
634188680051657996752065933449
787884711967361236185953200091
751168432064949529877016352121
791902612957002581401609921759
1025115838379883171999328554469
733669048613891474896282979359
672761727026153947051092266863
676556927751239681227252404853
765503277337612785411698534989
994028898137817449802221373049
1051743694405670077548321971531
811460731158011729157649723483
722587182323784148094106097133
1119772483947998745612067739233
892491004729098904668778595417
840548763062405018513781036677
1001492179637729780578853976517
788529213166024323772153526467
810247066823940221434754176291
918758473653723936165033139343
649871306060910621214595598077
903370804959559893395304826739
747360793712083691155669400987
700434470113428919001069867327
781537341390993123588916956047
831257438324102753637302585549
713043004748346767577095031617
679109597684523586561695355507
930050262551577784845099850387
875960785957437037323785466379
1000472676355810597423462154443
988451820412583284521871913957
718043975995027366976466514837
680707386778172903931375821501
682323365398894312291484164139
654523000666371884257902275803
851291202824582798305384625179
645211030361492475293864569891
1000562571599391792243359180321
775927490669364166398208190227
693092787794801908128518005183
697121688933500454405761898881
657667341442100251334243617169
957098264155041409449374934187
912636620824163487379656899119
662731659700189455361240366051
853936734148013986067899806353
1012629884377131625212363946087
810879225430657216447307598613
659176359277697427095701082447
801209332836364930400539689377
914970322254409231429962666377
677212971192219575970628439179
898601210298752512259589751669
659019885423964056112732656293
1043191046142616845921950656511
923195891171120493224117076709
794864734094105506831102238711
845622004329247497861141648809
901691081114149843192190360821
891605430878634647776134833681
946037388902194287661646118551
725473083751682271062852949179
726045081302669594681251809769
882191020405943734753589085613
663803575849645646934372909067
