25197226829
26343364601
19402065871
26581676851
19980029471
28990510933
20414816777
17753657863
18416576039
32468579323
31840775171
20861497703
29089774771
19164493391
18188032067
22170917147
20214395561
19725855979
24111986923
21870420623
23857408777
17475465613
20443665491
28794626761
24161156911
18214051133
23145563557
18747650419
29763398383
20640144097
21814403293
32910115603
30013435313
31015077061
20673859429
25999799429
27526753669
18511375469
24801578699
19622951767
17799462997
22323536171
22312988207
26184207001
27399006121
24297753947
22167087329
26869271969
26313807277
23783636179
19102441921
19479496849
19774231457
21837680987
18293205197
21661475603
19114589833
17831661269
23522813179
21664203289
18433877113
18339910481
29179661263
22513800781
24233834627
19092137737
21716290459
23649865769
22878062047
18688091843
29761575587
23863173011
17926911337
26856590147
20262993547
17462072587
19473368599
21150514771
20295724997
22861780783
24271847777
29190739819
17716585063
18925987411
25046504731
21175942967
17906187589
20957301031
18602015921
18454905263
25086694123
22207981483
22273667459
26529059287
30846125291
22474008077
19155151817
26526742171
20068527937
26888145019
