648962552607396883259993
715801398898602830163887
689541767108254032121087
705485922263805958254767
666699861486861936063703
699511892975011777765019
943511253265424568170933
854004349739957511787031
613080110851527229468309
907945474860035824107823
800905622750364609089243
637716127585265783549969
1004142552798701285085937
667481523270600915255287
812615437579408684937237
852096853134948738223063
609904986707048899320343
775303851975933138408959
615987555641607928189093
618971001281843876449337
772590513612218470019237
754876219131779591105327
805030676409024372746431
913631396466999663463477
928257379461722365979897
1033122238762684594673273
634482989162281020390721
721047889057934428986551
823315363519919540037059
1072308753154596947640127
625996939096154256941369
822486312965850485377949
683251584685609632368413
669849678534463200684571
1052232528638991309076417
780011668746191516714789
693824544819689603135779
774576454411266624918037
822543784792495231348807
829272584734910858571871
676127223970971741960877
1042371603317709928539487
775935799271869888288349
781299213462464537027939
1070647790386278656722199
608654057926990281134249
766168144345925289135203
770350942343541792825671
626676571513871044547119
700365319920109127802779
902131695355230152850797
1050891693432685958590223
830937215126208956724419
760703098929970502297447
650953482947899985847641
825734760077852381668987
683940050823996823565801
717921085131514657200023
605309096047681058499733
938006985477545469402353
790175842104116756843699
863365673213527290183161
1009585764121304818368247
653855415313450803415681
772137875694004698587783
644629861699298604068827
851434827780895958996531
929980062143676034735421
1122400816241360582417683
725757675523066734104591
830859492008362189605649
649415940185412036274511
858383346228976671118751
1076533732447161935816671
786899573177446120307341
679468102661709682027183
879038382622636479547649
687516940932356006116459
709603075378930625799817
767484588973497998612033
702965975925894726384167
853401782342171662525337
1096220268270361474121657
700421396473762819138511
770386333814873856184121
762573268067568390894577
701350842656675118584419
780463398787982540716369
1078666989184317633890129
656810069069654631324827
648731888780620968759269
746519030932291392116699
699957415762387393416109
638567561173808179267537
779631671033080718860907
646310512655228900313577
734042733250019316835781
802870447103616912069953
654426136476806063684921
950622894983102814514397
