609973264140997331
637603043426374499
856670853269953093
794759308333860427
602599224906001637
579434935701402827
1075934809103075813
662158027043713619
825019256893861903
666328547603694961
754797481297745953
1025559785935132771
685696064555668259
709378139017490651
608327026280953783
791729442163853839
989849781251605711
592955639651333009
580899376437698249
589136482732626463
669209164829624101
702669461440138417
617053588593731249
634486665543992017
728248019674306627
609342874265100541
844071337783165067
856984727559200341
648832231251785101
838188556239090737
925947130913344361
593177133666498193
891044422610098123
616432048894444771
743737806315112669
786082831954394329
1001561519020029673
696092173895775991
757848007259159651
743249526645754451
712489589601045037
766074813458791589
599181393032790413
770278520485897193
665997226374034601
740191932584886773
664469721640253827
593369727742210693
609596094021626947
685656399541563337
830464051484086321
651447573350067943
707497740818109811
763267515978162983
849979542128519707
958736020867105603
625807401536293303
628993574602108451
916221245965837307
730091663141242823
758167244080741219
607044823140940669
1129510941707443283
890908480218131567
754359436104713213
690070124702885167
838899597124804477
760036828922217557
920451769900471943
849371230878292987
793060467473091737
930742631028401299
589908547407820969
614359938533788631
841069572672947767
629081193428926229
827683149823118189
912085572753757531
845157793326834049
780011971856039617
706389505046900453
613023459542741407
791750977218058307
738327125063323799
682283702466612317
584051551281061999
684725451404222581
658001200315109881
753342650512946707
856800204884858581
722939537568473891
594806980325262857
605322978156035291
607328153299248533
937068593261856871
743886939213945179
588319937526901343
826147097543655313
656758118358913933
650186370429611047
