665905596580349
580976841189859
649975240172437
704943474985931
950711792271239
771360573020407
680777347110559
572682344661473
580196083448923
659890718275727
1053373441472633
674162618608183
778648712715479
742454069796983
588205760400521
630884491743413
815232046125137
640886146293937
951166545089419
600507164176201
634188913971841
572468284145941
696703198561891
912829594145891
1063239250566653
766984205431757
591989253817433
698127879682417
565607834415751
745076804557123
713116137583639
856559123305481
841362216150623
728828188861559
580076082124289
936368120523047
858742656769703
664481760117481
738151135880407
599311094821133
968801733547889
823694471061733
598180952797111
570758479378649
596831664030331
721878784291787
588717696043663
564349051072531
676574086962211
747829734035519
569485417574603
594381974224457
567889699540127
736472630098211
856569306559133
874806898730029
796802587048253
906039999797147
972635649989453
922226770202183
616212583468987
818905024516597
997645334990939
885275016865997
763945183144789
684634935742831
931666654743107
761836552898893
598529937570203
934555969171703
936899454315941
628363502219707
585888178403657
576357208371157
775203415496287
1017594034387027
747867690083089
907355760481873
668820898181077
881694061234673
582662108635427
566142980667533
814037458790273
835672380010463
802601386523143
625521751833227
640670996969593
571844377412939
576943135116011
766141615522729
628102142308111
622887170512133
788960959679923
843338569970803
669134557390049
908458969871459
694651753592509
573508066342951
569626144901027
702612564314123
